Guerre_Douvouctoum 30 35 4 9 0 15 1 5 2 10 3 4 
5 7 0
4 8 0
4 7 0
4 17 1
3 18 1
3 16 1
8 9 1
7 10 1
3 17 1
6 11 1
4 16 1
7 11 1
6 12 1
7 12 1
9 14 1
10 13 1
9 13 1
10 12 1
8 10 1
18 20 2
15 23 2
17 20 2
15 22 2
10 28 2
9 29 2
16 15 2
15 15 2
10 29 2
15 16 2
16 20 2
11 28 2
17 21 2
16 22 2
17 22 2
15 21 2
18 21 2
11 29 2
9 30 2
16 21 2
15 -2 0
12 0 0
11 -1 0
10 0 0
11 0 0
16 -3 0
16 -2 0
17 -2 0
19 -4 0
18 -4 0
17 -3 0
3 7 0
2 7 0
18 -3 0
5 6 0
11 12 1
10 1 0
11 11 1
10 11 1
16 3 3
16 4 3
17 3 3
17 4 3
11 10 1
18 2 3
12 -1 0
23 12 3
24 12 3
18 3 3
23 11 3
24 10 3
24 11 3
20 5 3
19 7 3
19 6 3
22 4 3
21 4 3
21 5 3
21 6 3
20 6 3
20 7 3
##endOfSpots##
0 KillEveryOneVictoryCondition
3 KillEveryOneVictoryCondition
