Chateau_de_Maurouille 40 25 4 9 0 10 1 20 2 12 3 12 
14 -3 0
14 -2 0
14 -1 0
13 0 0
13 -1 0
12 0 0
12 1 0
11 2 0
10 3 0
9 3 0
8 3 0
8 2 0
7 3 0
7 2 0
8 1 0
7 1 0
7 0 0
8 -1 0
9 -2 0
10 -3 0
11 -4 0
12 -4 0
13 -4 0
14 -4 0
13 -3 0
13 -2 0
12 -1 0
12 -2 0
12 -3 0
11 -3 0
10 -2 0
11 -2 0
10 -1 0
9 -1 0
9 0 0
8 0 0
9 1 0
9 2 0
10 2 0
11 1 0
11 0 0
10 1 0
10 0 0
11 -1 0
37 -13 1
37 -14 1
37 -15 1
37 -16 1
37 -18 1
37 -17 1
38 -19 1
39 -19 1
38 -16 1
38 -18 1
38 -17 1
39 -18 1
39 -16 1
39 -13 1
38 -13 1
38 -14 1
39 -14 1
39 -15 1
38 -15 1
39 -17 1
36 -17 1
36 -16 1
36 -15 1
36 -14 1
36 -13 1
36 -12 1
36 -18 1
4 19 2
4 20 2
4 21 2
4 22 2
5 22 2
5 20 2
5 19 2
5 21 2
5 18 2
6 18 2
6 19 2
6 20 2
6 21 2
7 20 2
7 19 2
7 18 2
3 21 2
3 20 2
3 22 2
8 19 2
8 20 2
2 22 2
2 21 2
2 23 2
7 21 2
3 23 2
11 18 3
11 17 3
10 19 3
10 18 3
10 17 3
11 16 3
12 17 3
12 18 3
11 19 3
13 18 3
14 17 3
15 16 3
14 16 3
13 16 3
14 15 3
15 15 3
13 15 3
12 15 3
12 16 3
13 17 3
31 9 3
##endOfSpots##
