Montagne 15 15 2 9 0 15 1 15
0 0 0
0 1 0
0 12 1
0 13 1
0 14 1
0 2 0
10 -2 0
10 -3 0
10 -4 0
10 -5 0
10 7 1
10 8 1
10 9 1
11 -3 0
11 -5 0
11 6 1
11 7 1
11 8 1
11 9 1
12 -3 0
12 -4 0
12 -5 0
12 -6 0
12 6 1
12 7 1
12 8 1
13 -4 0
13 -5 0
13 -6 0
13 6 1
13 7 1
13 8 1
14 -5 0
14 -6 0
14 -7 0
14 6 1
14 7 1
1 0 0
1 1 0
1 11 1
1 12 1
1 13 1
1 14 1
2 -1 0
2 0 0
2 1 0
2 11 1
2 12 1
2 13 1
3 -1 0
3 0 0
3 1 0
3 11 1
3 12 1
3 13 1
4 -1 0
4 -2 0
4 0 0
4 10 1
4 11 1
4 12 1
5 -1 0
5 -2 0
5 -3 0
5 0 0
5 10 1
5 11 1
5 12 1
5 9 1
6 -1 0
6 -2 0
6 -3 0
6 10 1
6 11 1
6 8 1
6 9 1
7 -1 0
7 -2 0
7 -3 0
7 10 1
7 11 1
7 8 1
7 9 1
8 -2 0
8 -3 0
8 -4 0
8 10 1
8 7 1
8 8 1
8 9 1
9 -2 0
9 -4 0
9 10 1
9 7 1
9 8 1
9 9 1
