Remix 25 20 3 9 0 16 1 6 2 6 
24 -7 0
24 -5 0
22 -3 0
22 -2 0
22 -5 0
22 -6 0
23 -6 0
23 -7 0
23 -4 0
21 -5 0
21 -4 0
24 -8 0
21 -2 0
21 -1 0
16 -7 1
17 -8 1
17 -7 1
16 -6 1
15 -7 1
16 -8 1
17 -6 1
16 -5 1
8 0 1
9 0 1
8 1 1
10 -1 1
9 1 1
10 0 1
9 -1 1
4 3 1
5 3 1
5 2 1
6 3 1
5 4 1
4 4 1
6 15 2
5 15 2
4 16 2
5 16 2
6 16 2
5 17 2
4 17 2
10 9 2
9 9 2
8 11 2
16 8 2
16 7 2
18 7 2
17 8 2
16 9 2
17 7 2
17 9 2
15 10 2
16 10 2
15 11 2
7 11 2
8 10 2
9 10 2
2 14 2
2 15 2
1 15 2
1 14 2
0 15 2
0 16 2
##endOfSpots##
